\newcommand{\calibrationHFOBB}{
\begin{tabular}{|c|*{1}{c}}
\hline
Rating & $h_{0.083}$\\\hline
F1+ & $0.02$ \\
F1 & $0.014$ \\
F2 & $0.01$ \\
F3 & $0.032$ \\
B & $0.038$ \\
C & $1.4$ \\
D & $ 1$ 
\\\hline
\end{tabular}%
\begin{tabular}{*{1}{c}}
\hline
$h_{0.250}$\\\hline
$0.021$ \\
$0.083$ \\
$0.12$ \\
$0.013$ \\
$0.073$ \\
$1.2$ \\
$ 1$ 
\\\hline
\end{tabular}%
\begin{tabular}{*{1}{c}}
\hline
$h_{0.500}$\\\hline
$0.18$ \\
$0.057$ \\
$0.036$ \\
$0.041$ \\
$0.13$ \\
$ 1$ \\
$ 1$ 
\\\hline
\end{tabular}%
\begin{tabular}{*{1}{c}|}
\hline
$h_{1.000}$\\\hline
$0.14$ \\
$0.084$ \\
$0.14$ \\
$0.1$ \\
$0.19$ \\
$0.72$ \\
$ 1$ 
\\\hline
\end{tabular}%
}
\newcommand{\calibrationHFOBBCaption}{
\caption{Change of measure parameters}}
\newcommand{\generatorAPFOBBOne}{
\begin{tabular}{|c|*{7}{c}|}
\hline
\diagbox{From}{To} & F1+ & F1 & F2 & F3 & B & C & D\\ \hline
F1+ & $-0.077$ & $0.074$ & $0.0022$ & $0.0001$ & $0.0001$ & $0.0001$ & $0.0001$ \\
F1 & $0.032$ & $-0.11$ & $0.075$ & $0.0035$ & $0.0001$ & $0.0001$ & $0.0001$ \\
F2 & $0.0036$ & $0.034$ & $-0.11$ & $0.062$ & $0.011$ & $0.0001$ & $0.00011$ \\
F3 & $0.0012$ & $0.0048$ & $0.088$ & $-0.2$ & $0.098$ & $0.0023$ & $0.0012$ \\
B & $0.0001$ & $0.0001$ & $0.0047$ & $0.042$ & $-0.095$ & $0.045$ & $0.0032$ \\
C & $0.0001$ & $0.0001$ & $0.0001$ & $0.0001$ & $0.36$ & $-0.59$ & $0.23$ \\
D & $0$ & $0$ & $0$ & $0$ & $0$ & $0$ & $-0$ 
\\\hline
\end{tabular}
}
\newcommand{\generatorAPFOBBOneCaption}{
\caption{AP at 0.083}}
\newcommand{\generatorAPFOBBTwo}{
\begin{tabular}{|c|*{7}{c}|}
\hline
\diagbox{From}{To} & F1+ & F1 & F2 & F3 & B & C & D\\ \hline
F1+ & $-0.079$ & $0.075$ & $0.0029$ & $0.0012$ & $0.0001$ & $0.0001$ & $0.0001$ \\
F1 & $0.031$ & $-0.11$ & $0.074$ & $0.0031$ & $0.0016$ & $0.0001$ & $0.0006$ \\
F2 & $0.0036$ & $0.035$ & $-0.11$ & $0.062$ & $0.012$ & $0.00054$ & $0.0012$ \\
F3 & $0.0019$ & $0.0046$ & $0.094$ & $-0.2$ & $0.096$ & $0.00074$ & $0.00047$ \\
B & $0.0001$ & $0.00056$ & $0.0051$ & $0.045$ & $-0.1$ & $0.045$ & $0.0054$ \\
C & $0.0001$ & $0.0001$ & $0.0001$ & $0.0001$ & $0.41$ & $-0.62$ & $0.21$ \\
D & $0$ & $0$ & $0$ & $0$ & $0$ & $0$ & $-0$ 
\\\hline
\end{tabular}
}
\newcommand{\generatorAPFOBBTwoCaption}{
\caption{AP at 0.250}}
\newcommand{\generatorAPFOBBThree}{
\begin{tabular}{|c|*{7}{c}|}
\hline
\diagbox{From}{To} & F1+ & F1 & F2 & F3 & B & C & D\\ \hline
F1+ & $-0.08$ & $0.075$ & $0.0033$ & $0.00073$ & $0.0003$ & $0.0001$ & $0.00083$ \\
F1 & $0.032$ & $-0.11$ & $0.073$ & $0.0038$ & $0.0022$ & $0.0001$ & $0.0004$ \\
F2 & $0.0027$ & $0.037$ & $-0.11$ & $0.059$ & $0.012$ & $0.0012$ & $0.00032$ \\
F3 & $0.0017$ & $0.0034$ & $0.098$ & $-0.19$ & $0.089$ & $0.00067$ & $0.0014$ \\
B & $0.0001$ & $0.00033$ & $0.004$ & $0.049$ & $-0.11$ & $0.043$ & $0.0081$ \\
C & $0.0001$ & $0.0001$ & $0.0001$ & $0.0001$ & $0.5$ & $-0.67$ & $0.17$ \\
D & $0$ & $0$ & $0$ & $0$ & $0$ & $0$ & $-0$ 
\\\hline
\end{tabular}
}
\newcommand{\generatorAPFOBBThreeCaption}{
\caption{AP at 0.500}}
\newcommand{\generatorAPFOBBFour}{
\begin{tabular}{|c|*{7}{c}|}
\hline
\diagbox{From}{To} & F1+ & F1 & F2 & F3 & B & C & D\\ \hline
F1+ & $-0.08$ & $0.073$ & $0.0045$ & $0.00082$ & $0.0004$ & $0.0001$ & $0.00065$ \\
F1 & $0.031$ & $-0.11$ & $0.071$ & $0.0044$ & $0.0037$ & $0.0001$ & $0.00058$ \\
F2 & $0.0016$ & $0.039$ & $-0.11$ & $0.054$ & $0.015$ & $0.0015$ & $0.001$ \\
F3 & $0.0028$ & $0.002$ & $0.12$ & $-0.2$ & $0.071$ & $0.00087$ & $0.0034$ \\
B & $0.0001$ & $0.0001$ & $0.0016$ & $0.057$ & $-0.12$ & $0.048$ & $0.011$ \\
C & $0.0001$ & $0.0001$ & $0.0001$ & $0.0001$ & $0.68$ & $-0.81$ & $0.13$ \\
D & $0$ & $0$ & $0$ & $0$ & $0$ & $0$ & $-0$ 
\\\hline
\end{tabular}
}
\newcommand{\generatorAPFOBBFourCaption}{
\caption{AP at 1.000}}
\newcommand{\generatorAQFOBBOne}{
\begin{tabular}{|c|*{7}{c}|}
\hline
\diagbox{From}{To} & F1+ & F1 & F2 & F3 & B & C & D\\ \hline
F1+ & $-0.064$ & $0.051$ & $0.0011$ & $0.00016$ & $0.00019$ & $0.0071$ & $0.005$ \\
F1 & $0.046$ & $-0.13$ & $0.055$ & $0.0081$ & $0.00028$ & $0.01$ & $0.0074$ \\
F2 & $0.0072$ & $0.046$ & $-0.32$ & $0.2$ & $0.04$ & $0.014$ & $0.011$ \\
F3 & $0.00075$ & $0.002$ & $0.028$ & $-0.28$ & $0.11$ & $0.1$ & $0.037$ \\
B & $5.3e-05$ & $3.6e-05$ & $0.0013$ & $0.035$ & $-1.8$ & $1.7$ & $0.085$ \\
C & $1.4e-06$ & $9.7e-07$ & $7.1e-07$ & $2.3e-06$ & $0.0095$ & $-0.18$ & $0.17$ \\
D & $0$ & $0$ & $0$ & $0$ & $0$ & $0$ & $-0$ 
\\\hline
\end{tabular}
}
\newcommand{\generatorAQFOBBOneCaption}{
\caption{AQ at 0.083}}
\newcommand{\generatorAQFOBBTwo}{
\begin{tabular}{|c|*{7}{c}|}
\hline
\diagbox{From}{To} & F1+ & F1 & F2 & F3 & B & C & D\\ \hline
F1+ & $-0.33$ & $0.3$ & $0.016$ & $0.00075$ & $0.00035$ & $0.0059$ & $0.0048$ \\
F1 & $0.0077$ & $-0.12$ & $0.1$ & $0.00049$ & $0.0014$ & $0.0015$ & $0.0072$ \\
F2 & $0.00064$ & $0.025$ & $-0.056$ & $0.007$ & $0.0077$ & $0.0057$ & $0.01$ \\
F3 & $0.0029$ & $0.029$ & $0.83$ & $-1.5$ & $0.53$ & $0.069$ & $0.036$ \\
B & $2.8e-05$ & $0.00064$ & $0.0081$ & $0.0081$ & $-0.85$ & $0.76$ & $0.074$ \\
C & $1.7e-06$ & $6.7e-06$ & $9.5e-06$ & $1.1e-06$ & $0.024$ & $-0.19$ & $0.17$ \\
D & $0$ & $0$ & $0$ & $0$ & $0$ & $0$ & $-0$ 
\\\hline
\end{tabular}
}
\newcommand{\generatorAQFOBBTwoCaption}{
\caption{AQ at 0.250}}
\newcommand{\generatorAQFOBBThree}{
\begin{tabular}{|c|*{7}{c}|}
\hline
\diagbox{From}{To} & F1+ & F1 & F2 & F3 & B & C & D\\ \hline
F1+ & $-0.03$ & $0.024$ & $0.00065$ & $0.00017$ & $0.00021$ & $0.00056$ & $0.0046$ \\
F1 & $0.1$ & $-0.16$ & $0.046$ & $0.0027$ & $0.0048$ & $0.0018$ & $0.0071$ \\
F2 & $0.014$ & $0.059$ & $-0.23$ & $0.069$ & $0.043$ & $0.035$ & $0.009$ \\
F3 & $0.0076$ & $0.0048$ & $0.084$ & $-0.42$ & $0.27$ & $0.016$ & $0.034$ \\
B & $0.00014$ & $0.00015$ & $0.0011$ & $0.016$ & $-0.43$ & $0.34$ & $0.064$ \\
C & $1.8e-05$ & $5.7e-06$ & $3.6e-06$ & $4.2e-06$ & $0.064$ & $-0.23$ & $0.17$ \\
D & $0$ & $0$ & $0$ & $0$ & $0$ & $0$ & $-0$ 
\\\hline
\end{tabular}
}
\newcommand{\generatorAQFOBBThreeCaption}{
\caption{AQ at 0.500}}
\newcommand{\generatorAQFOBBFour}{
\begin{tabular}{|c|*{7}{c}|}
\hline
\diagbox{From}{To} & F1+ & F1 & F2 & F3 & B & C & D\\ \hline
F1+ & $-0.055$ & $0.044$ & $0.0046$ & $0.00058$ & $0.00052$ & $0.00051$ & $0.0046$ \\
F1 & $0.052$ & $-0.19$ & $0.12$ & $0.0053$ & $0.0082$ & $0.00086$ & $0.0069$ \\
F2 & $0.0016$ & $0.023$ & $-0.097$ & $0.038$ & $0.02$ & $0.0073$ & $0.0071$ \\
F3 & $0.0039$ & $0.0017$ & $0.17$ & $-0.34$ & $0.13$ & $0.0062$ & $0.033$ \\
B & $7.6e-05$ & $4.6e-05$ & $0.0012$ & $0.031$ & $-0.27$ & $0.18$ & $0.056$ \\
C & $2e-05$ & $1.2e-05$ & $2e-05$ & $1.4e-05$ & $0.18$ & $-0.35$ & $0.17$ \\
D & $0$ & $0$ & $0$ & $0$ & $0$ & $0$ & $-0$ 
\\\hline
\end{tabular}
}
\newcommand{\generatorAQFOBBFourCaption}{
\caption{AQ at 1.000}}
