%;Aaa;Aa1;Aa2;Aa3;A1;A2;A3;Baa1;Baa2;Baa3;Ba1;Ba2;Ba3;B1;B2;B3;Caa1;Caa2;Caa3;Ca;C;D
Aaa;100.0;0.0;0.0;0.0;0.0;0.0;0.0;0.0;0.0;0.0;0.0;0.0;0.0;0.0;0.0;0.0;0.0;0.0;0.0;0.0;0.0;0.0
Aa1;0.0;100.0;0.0;0.0;0.0;0.0;0.0;0.0;0.0;0.0;0.0;0.0;0.0;0.0;0.0;0.0;0.0;0.0;0.0;0.0;0.0;0.0
Aa2;0.0;0.0;100.0;0.0;0.0;0.0;0.0;0.0;0.0;0.0;0.0;0.0;0.0;0.0;0.0;0.0;0.0;0.0;0.0;0.0;0.0;0.0
Aa3;0.0;0.0;0.0;100.0;0.0;0.0;0.0;0.0;0.0;0.0;0.0;0.0;0.0;0.0;0.0;0.0;0.0;0.0;0.0;0.0;0.0;0.0
A1;0.0;0.0;0.0;0.0;100.0;0.0;0.0;0.0;0.0;0.0;0.0;0.0;0.0;0.0;0.0;0.0;0.0;0.0;0.0;0.0;0.0;0.0
A2;0.0;0.0;0.0;0.0;0.0;97.11556500388477;1.9270120032318154;0.9528202084755167;0.004567664642148553;3.511976574292991e-05;0.0;0.0;0.0;0.0;0.0;0.0;0.0;0.0;0.0;0.0;0.0;0.0
A3;0.0;0.0;0.0;0.0;0.0;0.0;99.47591452806873;0.5215659456022268;0.0025003020581267216;1.9224270923416918e-05;0.0;0.0;0.0;0.0;0.0;0.0;0.0;0.0;0.0;0.0;0.0;0.0
Baa1;0.0;0.0;0.0;0.0;0.0;0.0;1.4238268133127205;98.10227097595508;0.47028628325199945;0.0036159274802088776;0.0;0.0;0.0;0.0;0.0;0.0;0.0;0.0;0.0;0.0;0.0;0.0
Baa2;0.0;0.0;0.0;0.0;0.0;0.0;0.003884347520443935;0.40397214212616916;95.1993203561905;4.390132967920056;0.0026096072119759367;6.234701599350076e-05;1.7849902358097882e-05;1.5497133314796295e-07;1.447952254162697e-07;7.610917525486665e-08;4.9260818095951695e-09;1.0400695811636619e-09;6.8268249327806e-11;1.7317977264697817e-10;4.655302077580153e-12;2.4518879662590313e-11
Baa3;0.0;0.0;0.0;0.0;0.0;0.0;5.094171133546192e-05;0.00529793797888804;11.797359868523543;87.56007865258599;0.6181261980890075;0.014767863830770458;0.004228027969204122;3.670737900015376e-05;3.4297009058398034e-05;1.80276460472989e-05;1.1668193613455403e-06;2.463567133790741e-07;1.617040036275707e-08;4.102033208711962e-08;1.102680955572486e-09;5.807679331083404e-09
Ba1;0.0;0.0;0.0;0.0;0.0;0.0;0.0;0.0;0.0;0.5639322252878136;95.30454607364051;3.408265676747605;0.7075872419527565;0.006513860518198288;0.005831932991901268;0.002977176216802448;0.0002865416640732497;4.633291449513513e-05;4.631847722182899e-06;7.071648924455273e-06;1.8659638931045824e-07;1.047972804661966e-06
Ba2;0.0;0.0;0.0;0.0;0.0;0.0;0.0;0.0;0.0;0.023402115354125477;3.9549574948472053;91.14385647555275;4.722235518731434;0.07742260741796256;0.04809007903223916;0.019033714026620078;0.009935476760102877;0.0007750286497802875;0.00020306631618667302;7.217643694867422e-05;1.6266629891188325e-06;1.462021162850779e-05
Ba3;0.0;0.0;0.0;0.0;0.0;0.0;0.0;0.0;0.0;0.0007598344890734822;0.12841202865341847;4.531732172677904;87.13771981885006;4.471573804839307;1.8054432343860936;1.2669195760919605;0.5938956340079473;0.04388831215639559;0.013561107483238006;0.004993797101383472;0.0001197796368312053;0.0009808996264125858
B1;0.0;0.0;0.0;0.0;0.0;0.0;0.0;0.0;0.0;1.6784379317319075e-05;0.0028365601046269236;0.12182751530002778;4.6049304617549245;77.64270860079054;11.166070152600858;2.787881262204292;3.3814594054430556;0.19710126575915674;0.07702185156468702;0.014647062691622664;0.0002825108460497525;0.0032165665609260206
B2;0.0;0.0;0.0;0.0;0.0;0.0;0.0;0.0;0.0;2.2183397294031703e-07;3.7489941426913584e-05;0.0017726791590890868;0.09289548445490603;3.2072332489816437;82.18578144390287;9.384289612047485;3.6476558635346255;1.0543790666185704;0.2988429493093908;0.10108691788206724;0.002416017197728872;0.02360900513613614
B3;0.0;0.0;0.0;0.0;0.0;0.0;0.0;0.0;0.0;4.913301724642813e-08;8.303479914646353e-06;0.00039454891815039663;0.020995082389562745;0.7095143285090153;6.258745414735572;83.92038089884866;7.188282871154664;1.155076438893743;0.3585637597640145;0.32007549322558887;0.009916507025002994;0.05804630392308759
Caa1;0.0;0.0;0.0;0.0;0.0;0.0;0.0;0.0;0.0;1.4782073185978104e-09;2.4981703684302997e-07;1.2330932930442926e-05;0.0007464097396389279;0.03239030519907375;0.3205521592357706;6.078566658863056;82.08185218340171;5.731676318023041;2.9202678219839995;2.0972784069783734;0.0986722025567527;0.6379849517903968
Caa2;0.0;0.0;0.0;0.0;0.0;0.0;0.0;0.0;0.0;2.3034130591776345e-11;3.892768070010202e-09;1.958341858608672e-07;1.2719527972065437e-05;0.000637789392599943;0.006620478836682277;0.14602859356231587;5.2971998192225795;80.81341048159094;3.464836825005282;7.49050806730362;0.21526330785325026;2.565481717954798
Caa3;0.0;0.0;0.0;0.0;0.0;0.0;0.0;0.0;0.0;1.1524799122571727e-13;1.9476910517146217e-11;4.173129762283223e-09;1.0063049519848908e-06;0.00011841879530215519;0.0014406778175129243;0.04516102016693558;2.447623759672872;2.3379329089205414;66.0583755665684;19.440632106661866;0.6261291340371021;9.042585396861837
Ca;0.0;0.0;0.0;0.0;0.0;0.0;0.0;0.0;0.0;0.0;0.0;0.0;0.0;0.0;0.0;0.0;0.0;0.0;0.0;71.71963630296962;4.211503169836503;24.068860527193863
C;0.0;0.0;0.0;0.0;0.0;0.0;0.0;0.0;0.0;0.0;0.0;0.0;0.0;0.0;0.0;0.0;0.0;0.0;0.0;0.0;65.45454545454544;34.54545454545455
D;0.0;0.0;0.0;0.0;0.0;0.0;0.0;0.0;0.0;0.0;0.0;0.0;0.0;0.0;0.0;0.0;0.0;0.0;0.0;0.0;0.0;100.0
