%;Aaa;Aa1;Aa2;Aa3;A1;A2;A3;Baa1;Baa2;Baa3;Ba1;Ba2;Ba3;B1;B2;B3;Caa1;Caa2;Caa3;Ca;C;D
Aaa;100.0;0.0;0.0;0.0;0.0;0.0;0.0;0.0;0.0;0.0;0.0;0.0;0.0;0.0;0.0;0.0;0.0;0.0;0.0;0.0;0.0;0.0
Aa1;0.0;100.0;0.0;0.0;0.0;0.0;0.0;0.0;0.0;0.0;0.0;0.0;0.0;0.0;0.0;0.0;0.0;0.0;0.0;0.0;0.0;0.0
Aa2;0.0;0.0;100.0;0.0;0.0;0.0;0.0;0.0;0.0;0.0;0.0;0.0;0.0;0.0;0.0;0.0;0.0;0.0;0.0;0.0;0.0;0.0
Aa3;0.0;0.0;0.0;100.0;0.0;0.0;0.0;0.0;0.0;0.0;0.0;0.0;0.0;0.0;0.0;0.0;0.0;0.0;0.0;0.0;0.0;0.0
A1;0.0;0.0;0.0;0.0;100.0;0.0;0.0;0.0;0.0;0.0;0.0;0.0;0.0;0.0;0.0;0.0;0.0;0.0;0.0;0.0;0.0;0.0
A2;0.0;0.0;0.0;0.0;0.0;99.02912621359224;0.9657368880669851;0.005136898340781835;0.0;0.0;0.0;0.0;0.0;0.0;0.0;0.0;0.0;0.0;0.0;0.0;0.0;0.0
A3;0.0;0.0;0.0;0.0;0.0;0.0;99.47089947089947;0.5291005291005291;0.0;0.0;0.0;0.0;0.0;0.0;0.0;0.0;0.0;0.0;0.0;0.0;0.0;0.0
Baa1;0.0;0.0;0.0;0.0;0.0;0.0;0.4805357462362293;99.51946425376377;0.0;0.0;0.0;0.0;0.0;0.0;0.0;0.0;0.0;0.0;0.0;0.0;0.0;0.0
Baa2;0.0;0.0;0.0;0.0;0.0;0.0;0.0;0.4098079561042524;98.77438098502621;0.8131054311639151;0.0026726625115372263;3.2657523346374107e-05;3.047555406452641e-07;1.6233272006698196e-09;1.2918683989052191e-09;0.0;7.807272552442256e-15;0.0;5.311069763566162e-17;0.0;0.0;0.0
Baa3;0.0;0.0;0.0;0.0;0.0;0.0;0.0;0.005374472416014045;2.5646002645578125;96.78915511235796;0.633061829937477;0.00773544411299066;7.218610633091479e-05;3.84510383861462e-07;3.059991933582916e-07;0.0;1.8492743575121194e-12;0.0;1.2580097670150472e-14;0.0;0.0;0.0
Ba1;0.0;0.0;0.0;0.0;0.0;0.0;0.0;0.0;0.0;0.0;97.58014351718394;2.3888124646147655;0.030673070152923813;0.0002146290285786875;0.00013128372036521496;2.4274992357590116e-05;6.211703110782121e-07;6.363586255018627e-08;7.01985020589703e-08;5.015772047957164e-09;1.4330777279877614e-10;1.4330777279877614e-10
Ba2;0.0;0.0;0.0;0.0;0.0;0.0;0.0;0.0;0.0;0.0;1.8596016498894912;96.31334955825876;1.7978426035918795;0.01735208470999219;0.007818044272941842;0.0039135765591646835;0.00010005193376830425;1.0259274908515705e-05;1.1316666388662574e-05;8.086349780810936e-07;2.3103856516602675e-08;2.310385651660267e-08
Ba3;0.0;0.0;0.0;0.0;0.0;0.0;0.0;0.0;0.0;0.0;0.029491536962088803;3.641410535167186;91.85005251912419;3.1616316514651093;0.4798693483849609;0.8118858553304931;0.021002347537206156;0.002129038328344157;0.0023480196556161675;0.00016946436672309504;4.841839049231287e-06;4.841839049231287e-06
B1;0.0;0.0;0.0;0.0;0.0;0.0;0.0;0.0;0.0;0.0;0.0003429603322843229;0.07557686149991978;3.7682403181953;89.84622996993438;5.350753397979633;0.8991229493931382;0.054128140500344625;0.0024845102403052775;0.0026768901687980796;0.0004200016610378919;1.2000047458225484e-05;1.2000047458225484e-05
B2;0.0;0.0;0.0;0.0;0.0;0.0;0.0;0.0;0.0;0.0;3.1831504727256982e-06;0.0009209971385095888;0.06039166422283034;2.3960521606353335;92.04754003702156;4.557695211638538;0.8954147841589534;0.017072934491654607;0.016481587573482115;0.007971902673033484;0.00022776864780095664;0.00022776864780095664
B3;0.0;0.0;0.0;0.0;0.0;0.0;0.0;0.0;0.0;0.0;6.922601240210693e-07;0.00020252482734625906;0.013610104319360015;0.5132167041983243;3.3316173913668568;90.58689126198738;4.908012792958629;0.28669385192409486;0.3008947052740123;0.055432392159687954;0.0015837826331339415;0.0018437960910524965
Caa1;0.0;0.0;0.0;0.0;0.0;0.0;0.0;0.0;0.0;0.0;1.8919064603866123e-08;5.923567005806985e-06;0.0004242158774581158;0.01719586515917784;0.10532600837462713;4.916321523985823;88.62124165754565;2.44918627057992;1.8737002005911625;1.8516476631671424;0.05290421894763264;0.11204643328531733
Caa2;0.0;0.0;0.0;0.0;0.0;0.0;0.0;0.0;0.0;0.0;2.9311226851060176e-10;9.177357332940395e-08;6.572358664844045e-06;0.00026641481232529045;0.0016318113973533782;0.07616836163921699;4.287765152148032;91.01018240917587;2.905571769200161;1.457089043495508;0.041631115528443084;0.21968725817778015
Caa3;0.0;0.0;0.0;0.0;0.0;0.0;0.0;0.0;0.0;0.0;0.0;0.0;0.0;0.0;0.0;0.0;0.0;0.0;88.81632653061224;5.255255255255255;0.15015015015015015;5.778268063982351
Ca;0.0;0.0;0.0;0.0;0.0;0.0;0.0;0.0;0.0;0.0;0.0;0.0;0.0;0.0;0.0;0.0;0.0;0.0;0.0;91.96696696696696;2.6276276276276276;5.405405405405405
C;0.0;0.0;0.0;0.0;0.0;0.0;0.0;0.0;0.0;0.0;0.0;0.0;0.0;0.0;0.0;0.0;0.0;0.0;0.0;0.0;81.81818181818181;18.181818181818183
D;0.0;0.0;0.0;0.0;0.0;0.0;0.0;0.0;0.0;0.0;0.0;0.0;0.0;0.0;0.0;0.0;0.0;0.0;0.0;0.0;0.0;100.0
