%;Aaa;Aa1;Aa2;Aa3;A1;A2;A3;Baa1;Baa2;Baa3;Ba1;Ba2;Ba3;B1;B2;B3;Caa1;Caa2;Caa3;Ca;C;D
Aaa;100.0;0.0;0.0;0.0;0.0;0.0;0.0;0.0;0.0;0.0;0.0;0.0;0.0;0.0;0.0;0.0;0.0;0.0;0.0;0.0;0.0;0.0
Aa1;0.0;100.0;0.0;0.0;0.0;0.0;0.0;0.0;0.0;0.0;0.0;0.0;0.0;0.0;0.0;0.0;0.0;0.0;0.0;0.0;0.0;0.0
Aa2;0.0;0.0;100.0;0.0;0.0;0.0;0.0;0.0;0.0;0.0;0.0;0.0;0.0;0.0;0.0;0.0;0.0;0.0;0.0;0.0;0.0;0.0
Aa3;0.0;0.0;0.0;100.0;0.0;0.0;0.0;0.0;0.0;0.0;0.0;0.0;0.0;0.0;0.0;0.0;0.0;0.0;0.0;0.0;0.0;0.0
A1;0.0;0.0;0.0;0.0;98.63013698630137;1.3438946354797627;0.012971669560926444;0.0;0.012948268089297473;4.8440568643541024e-05;0.0;0.0;0.0;0.0;0.0;0.0;0.0;0.0;0.0;0.0;0.0;0.0
A2;0.0;0.0;0.0;0.0;0.0;95.28414365137317;2.8220463019456243;0.9450912377769272;0.9406412931754501;0.008077515728828808;0.0;0.0;0.0;0.0;0.0;0.0;0.0;0.0;0.0;0.0;0.0;0.0
A3;0.0;0.0;0.0;0.0;0.0;0.4950671841286775;97.97812142388153;1.4907497036362864;0.028851370780090996;0.007210317573404041;0.0;0.0;0.0;0.0;0.0;0.0;0.0;0.0;0.0;0.0;0.0;0.0
Baa1;0.0;0.0;0.0;0.0;0.0;0.007086036197784748;1.8634342669125548;95.35829348821528;2.302450872459731;0.4687353362146278;0.0;0.0;0.0;0.0;0.0;0.0;0.0;0.0;0.0;0.0;0.0;0.0
Baa2;0.0;0.0;0.0;0.0;0.0;1.9331443176436245e-05;0.36545726966193076;0.7506304362143907;93.55841842060815;5.3227843558295245;0.002454635014538675;0.00020935254598047505;2.3663524582576597e-05;1.7732391959865e-06;5.244772556712934e-07;1.987704389954694e-07;2.99218242602924e-08;5.7731308930691705e-09;6.29567740203047e-10;2.1315367190200715e-09;1.0595296694660396e-10;1.08829988927616e-10
Baa3;0.0;0.0;0.0;0.0;0.0;2.5352438030038876e-07;0.04878965780333451;0.05158217422462722;14.255889071412481;85.00652624383493;0.5814186143684439;0.04958841802448176;0.005605075130267808;0.000420019379731715;0.00012423062388258074;4.708188082286974e-05;7.0874510865171985e-06;1.3674561572433097e-06;1.491229453633138e-07;5.048877402578019e-07;2.5096613902045916e-08;2.577808146190713e-08
Ba1;0.0;0.0;0.0;0.0;0.0;0.0;2.6796087046814278e-05;1.3417556696270994e-05;0.017256477246495504;0.5466355343975751;89.70572289371053;8.659007225659579;0.9647797844904108;0.07530548846005744;0.021509071550599397;0.008074208413988435;0.0013014046842413716;0.00024051336721104825;2.8236913180681695e-05;8.971345894584971e-05;4.518050232958424e-06;4.715953223625391e-06
Ba2;0.0;0.0;0.0;0.0;0.0;0.0;1.1119866749744445e-06;5.568030970679091e-07;0.0007161110023854778;0.022684335561967958;8.618471351272493;81.87335496065646;8.322035014762742;0.8716762752404075;0.1977752259456005;0.07039183410593491;0.018580163512661056;0.002654794584640015;0.0004844661157633695;0.0010450470586756515;5.921328628483952e-05;6.953810416615447e-05
Ba3;0.0;0.0;0.0;0.0;0.0;0.0;3.610467747253362e-08;1.8078630515789854e-08;2.3251139026692588e-05;0.0007365291667388011;0.42333403476446746;5.35316183307548;78.91523940605197;9.201145785223712;3.2331767793746455;1.9258654310441523;0.7642882884159551;0.11136863302617307;0.026810658300651193;0.03769623334090888;0.0029698201139542013;0.004183262778855634
B1;0.0;0.0;0.0;0.0;0.0;0.0;7.975350034023853e-10;3.993482744968317e-10;5.13606505884716e-07;1.6269575928156463e-05;0.03047129838612324;0.4811002347167515;6.508673793398907;67.08027094658208;14.411930146788867;6.6765600265972616;3.98953632005468;0.4758368293114727;0.13559372179234108;0.1789983380249866;0.013427638942834268;0.017583921024480937
B2;0.0;0.0;0.0;0.0;0.0;0.0;1.054077455108298e-11;5.278063170741219e-12;6.78817903089427e-09;2.1502997507170094e-07;0.0010833222270498352;0.01859082318817364;0.3927086610377617;4.530940505222655;68.75330315091051;17.90524474338242;5.7831595268499045;1.585834575463594;0.411783683811014;0.49367994470141763;0.04768174675624672;0.07598909461524865
B3;0.0;0.0;0.0;0.0;0.0;0.0;2.3346291415355408e-12;1.169014670559661e-12;1.5034834970318199e-09;4.7626030105584214e-08;0.00021973402162289943;0.003674826272966486;0.05929266941216095;0.9255867880809017;6.510548151137517;72.9111303782194;14.45613125124024;3.2606390909850957;0.7467836418044143;0.8614702644055594;0.0888728715865247;0.17565028370061203
Caa1;0.0;0.0;0.0;0.0;0.0;0.0;7.023924189146851e-14;3.517076984917152e-14;4.5233540158070263e-11;1.4328683684279995e-09;9.522618029945962e-06;0.0001608777408377218;0.0027326327563032674;0.05092550994960605;0.38716632350492897;8.040354329661191;73.14427689344669;8.455484494813673;3.823354452811032;4.3704883141886395;0.4065393248806895;1.3185073221501813
Caa2;0.0;0.0;0.0;0.0;0.0;0.0;1.0945013260590212e-15;5.48047689607973e-16;7.048505700253765e-13;2.2327637472735298e-11;1.832280196933585e-07;3.1083844424593725e-06;5.5934182190750405e-05;0.001204303835990407;0.009528405157706612;0.3163102186125141;7.517503028124555;67.12281287857512;6.98305110821011;11.392291429004418;2.0906566510682456;4.566582751593691
Caa3;0.0;0.0;0.0;0.0;0.0;0.0;5.476181474251961e-18;2.742078546075631e-18;3.5266194218212907e-15;1.1171315354387564e-13;3.1087514511926296e-08;5.364183619489398e-07;1.1211537459306716e-05;0.0003220356648397517;0.002702136570238871;0.12243308908724869;2.2484749691917485;2.370928808012764;57.823143947518595;18.18294679199709;2.533865532641818;16.71517091027226
Ca;0.0;0.0;0.0;0.0;0.0;0.0;0.0;0.0;0.0;0.0;0.0;0.0;0.0;0.0;0.0;0.0;0.007646841758561273;0.5658662901335343;0.007646841758561273;59.146084990320745;4.2497861184291;36.0229689175995
C;0.0;0.0;0.0;0.0;0.0;0.0;0.0;0.0;0.0;0.0;0.0;0.0;0.0;0.0;0.0;0.0;0.08155719878207915;6.035232709873857;0.08155719878207915;0.08264462809917356;45.325987144168955;48.393021120293845
D;0.0;0.0;0.0;0.0;0.0;0.0;0.0;0.0;0.0;0.0;0.0;0.0;0.0;0.0;0.0;0.0;0.0;0.0;0.0;0.0;0.0;100.0
